":START_ID",":END_ID"
"95d92a27-6f4a-44cb-bc0a-a737881ba450","45dacbf4-3026-45df-89d4-1d37c51efae7"
