":START_ID",":END_ID"
"a7d9a019-337f-420e-8e65-3305a893a9fb","eebf7af4-2637-4afd-ad2f-dd8c5200ffe8"
"a7d9a019-337f-420e-8e65-3305a893a9fb","74d3f5ec-32e0-4995-ae0c-2490fdc94603"
"a7d9a019-337f-420e-8e65-3305a893a9fb","2f12db96-a60e-4e30-9dc7-bcd10dd02257"
"a7d9a019-337f-420e-8e65-3305a893a9fb","38800ab4-f317-4fd8-b6a1-725bc22bed49"
"a7d9a019-337f-420e-8e65-3305a893a9fb","2ccea95a-eecb-44b6-97e8-c33710cd7450"
"a7d9a019-337f-420e-8e65-3305a893a9fb","aa60fb65-20f9-4021-b533-1dc80c4068e0"
"a7d9a019-337f-420e-8e65-3305a893a9fb","fc0176aa-6cff-4fd4-9b74-b90361dd51dd"
"a7d9a019-337f-420e-8e65-3305a893a9fb","54e6a7e4-0aa3-4191-b7b3-d43cbdad3ca9"
"a7d9a019-337f-420e-8e65-3305a893a9fb","466bdaa4-8397-4d04-ab77-97adf613a329"
"a7d9a019-337f-420e-8e65-3305a893a9fb","8f230d34-4e60-4b74-b5c5-ba70062a750b"
"a7d9a019-337f-420e-8e65-3305a893a9fb","0197a160-4ac3-4f7d-a824-e88961b02a05"
"a7d9a019-337f-420e-8e65-3305a893a9fb","6e47328e-c379-4d82-aad9-c3495880fcec"
"a7d9a019-337f-420e-8e65-3305a893a9fb","9230c696-45c2-4f8a-86c6-415b13513115"
"a7d9a019-337f-420e-8e65-3305a893a9fb","6419000c-534b-4c84-ba69-f8d2a313fbb8"
"a7d9a019-337f-420e-8e65-3305a893a9fb","be0d4661-192a-4ea5-8f26-d15656ab4454"
"a7d9a019-337f-420e-8e65-3305a893a9fb","577a3f4a-d151-4149-8e25-4fb5fb10c7f5"
"b8e8f81d-1234-48e0-9bbe-f2f86811a527","01ac6d39-57c2-4c77-9bff-12c71c54388d"
"df4a2bff-8f89-4e6a-b6bd-f19ed511d920","51e1e525-fbf4-4d19-b3c1-c49981116198"
"d8059ce9-5048-4070-a0c7-22c4eff19f9a","b39b2a1f-d54f-492e-a90f-8496f3c81a71"
"d8059ce9-5048-4070-a0c7-22c4eff19f9a","18ee6daf-e585-4fbf-90e8-51515c4db093"
"d8059ce9-5048-4070-a0c7-22c4eff19f9a","4efb1deb-de61-4d45-8e7d-6e8ba5864dbe"
"d8059ce9-5048-4070-a0c7-22c4eff19f9a","4df89090-c1f4-46e4-a5dd-350dc8be77e9"
"d8059ce9-5048-4070-a0c7-22c4eff19f9a","e106d5b3-50b2-4d0a-be73-229496d1d492"
"d8059ce9-5048-4070-a0c7-22c4eff19f9a","65c5231e-c275-4f3b-8327-96be5936a945"
