":START_ID",":END_ID"
"1755bbd6-4e63-458d-b9c3-ef309d073263","be7c6dae-8445-439b-b864-018b122569dc"
